P
 4.52600000    7.01000000   12.14200000 90.00000000    90.00000000   90.00000000


40
0.443500 0.564200 0.311900
Cr
0.459400 0.250000 0.562900
C
0.040600 0.750000 0.062900
C
0.028800 0.029100 0.342800
C
0.528800 0.470900 0.157200
C
0.471200 0.529100 0.842800
C
0.028800 0.470900 0.342800
C
0.528800 0.029100 0.157200
C
0.057900 0.250000 0.626100
Cr
0.442100 0.750000 0.126100
Cr
0.250100 0.250000 0.206300
Cr
0.750100 0.250000 0.293700
Cr
0.261900 0.250000 0.416500
Cr
0.761900 0.250000 0.083500
Cr
0.056500 0.064200 0.811900
Cr
0.056500 0.435800 0.811900
Cr
0.250900 0.065700 0.021800
Cr
0.750900 0.434300 0.478200
Cr
0.249100 0.565700 0.521800
Cr
0.250900 0.434300 0.021800
Cr
0.750900 0.065700 0.478200
Cr
0.959400 0.250000 0.937100
C
0.557900 0.250000 0.873900
Cr
0.249900 0.750000 0.706300
Cr
0.238100 0.750000 0.916500
Cr
0.556500 0.435800 0.688100
Cr
0.556500 0.064200 0.688100
Cr
0.443500 0.935800 0.311900
Cr
0.471200 0.970900 0.842800
C
0.249100 0.934300 0.521800
Cr
0.540600 0.750000 0.437100
C
0.971200 0.529100 0.657200
C
0.942100 0.750000 0.373900
Cr
0.749900 0.750000 0.793700
Cr
0.738100 0.750000 0.583500
Cr
0.943500 0.564200 0.188100
Cr
0.749100 0.565700 0.978200
Cr
0.971200 0.970900 0.657200
C
0.943500 0.935800 0.188100
Cr
0.749100 0.934300 0.978200
Cr
