P
 5.09000000    6.74800000   4.52300000 90.00000000    90.00000000   90.00000000


16
0.890000 0.250000 0.450000
C
0.390000 0.250000 0.050000
C
0.036000 0.250000 0.852000
Fe
0.464000 0.750000 0.352000
Fe
0.186000 0.063000 0.328000
Fe
0.686000 0.437000 0.172000
Fe
0.536000 0.250000 0.648000
Fe
0.186000 0.437000 0.328000
Fe
0.314000 0.937000 0.828000
Fe
0.610000 0.750000 0.950000
C
0.110000 0.750000 0.550000
C
0.964000 0.750000 0.148000
Fe
0.814000 0.563000 0.672000
Fe
0.686000 0.063000 0.172000
Fe
0.814000 0.937000 0.672000
Fe
0.314000 0.563000 0.828000
Fe
