P
 9.20860614    9.20860614   9.20860614 116.47496765    116.47496761   116.47496761


26
0.500000 0.500000 0.500000
Pd
0.401900 0.445500 0.156100
Pd
0.445500 0.156100 0.401900
Pd
0.156100 0.401900 0.445500
Pd
0.000000 0.000000 0.000000
Al
0.097500 0.054000 0.345600
Al
0.345600 0.097500 0.054000
Al
0.054000 0.345600 0.097500
Al
0.400600 0.246400 0.843500
Al
0.843500 0.400600 0.246400
Al
0.246400 0.843500 0.400600
Al
0.098600 0.252000 0.654700
Pd
0.654700 0.098600 0.252000
Pd
0.252000 0.654700 0.098600
Pd
0.901400 0.748000 0.345300
Pd
0.345300 0.901400 0.748000
Pd
0.748000 0.345300 0.901400
Pd
0.902500 0.946000 0.654400
Al
0.843900 0.598100 0.554500
Pd
0.554500 0.843900 0.598100
Pd
0.156500 0.599400 0.753600
Al
0.753600 0.156500 0.599400
Al
0.946000 0.654400 0.902500
Al
0.598100 0.554500 0.843900
Pd
0.599400 0.753600 0.156500
Al
0.654400 0.902500 0.946000
Al
