P
 10.35500000    10.35500000   10.35500000 90.00000000    90.00000000   90.00000000


46
0.183700 0.183700 0.183700
Si
0.683700 0.683700 0.683700
Si
0.500000 0.807700 0.617200
Si
0.617200 0.500000 0.807700
Si
0.807700 0.617200 0.500000
Si
0.250000 0.500000 0.000000
Si
0.750000 0.500000 0.000000
Si
0.183700 0.183700 0.816300
Si
0.683700 0.683700 0.316300
Si
0.500000 0.807700 0.382800
Si
0.617200 0.500000 0.192300
Si
0.500000 0.000000 0.250000
Si
0.500000 0.000000 0.750000
Si
0.183700 0.816300 0.183700
Si
0.683700 0.316300 0.683700
Si
0.500000 0.192300 0.617200
Si
0.807700 0.382800 0.500000
Si
0.183700 0.816300 0.816300
Si
0.683700 0.316300 0.316300
Si
0.307700 0.000000 0.117200
Si
0.307700 0.000000 0.882800
Si
0.500000 0.192300 0.382800
Si
0.000000 0.250000 0.500000
Si
0.000000 0.750000 0.500000
Si
0.816300 0.183700 0.183700
Si
0.316300 0.683700 0.683700
Si
0.382800 0.500000 0.807700
Si
0.192300 0.617200 0.500000
Si
0.816300 0.183700 0.816300
Si
0.316300 0.683700 0.316300
Si
0.117200 0.307700 0.000000
Si
0.882800 0.307700 0.000000
Si
0.382800 0.500000 0.192300
Si
0.816300 0.816300 0.183700
Si
0.316300 0.316300 0.683700
Si
0.000000 0.117200 0.307700
Si
0.000000 0.882800 0.307700
Si
0.192300 0.382800 0.500000
Si
0.816300 0.816300 0.816300
Si
0.316300 0.316300 0.316300
Si
0.000000 0.882800 0.692300
Si
0.692300 0.000000 0.882800
Si
0.882800 0.692300 0.000000
Si
0.000000 0.117200 0.692300
Si
0.692300 0.000000 0.117200
Si
0.117200 0.692300 0.000000
Si
